state	numcol	yieldpercol	totalprod	stocks	priceperlb	prodvalue	year	population	medianhouseholdincome
AL	8000	54	432000	65000	2.47	1067000	2012	4,779,736	43,464
AZ	22000	46	1012000	253000	1.79	1811000	2012	6,392,017	47,044
AR	25000	63	1575000	189000	1.98	3119000	2012	2,915,918	39,018
CA	330000	35	11550000	3119000	1.94	22407000	2012	37,253,956	57,020
CO	25000	48	1200000	468000	2.07	2484000	2012	5,029,196	57,255
FL	193000	64	12352000	1235000	1.84	22728000	2012	18,801,310	46,071
GA	59000	51	3009000	181000	1.92	5777000	2012	9,687,653	48,121
HI	10000	75	750000	263000	4.15	3113000	2012	1,360,301	56,263
ID	92000	32	2944000	530000	1.63	4799000	2012	1,567,582	47,922
IL	7000	61	427000	145000	3.55	1516000	2012	12,830,632	51,738
IN	8000	59	472000	203000	2.54	1199000	2012	6,483,802	46,158
IA	37000	61	2257000	1196000	2.17	4898000	2012	3,046,355	53,442
KS	6000	55	330000	125000	2.28	752000	2012	2,853,118	50,003
KY	5000	51	255000	41000	3.15	803000	2012	4,339,367	41,086
LA	41000	86	3526000	141000	1.83	6453000	2012	4,533,372	39,085
ME	4000	34	136000	24000	2.39	325000	2012	1,328,361	49,158
MI	73000	57	4161000	1332000	2.03	8447000	2012	9,883,640	50,015
MN	125000	67	8375000	1591000	1.92	16080000	2012	5,303,925	61,795
MS	18000	118	2124000	64000	1.77	3759000	2012	2,967,297	36,641
MO	7000	53	371000	108000	2.8	1039000	2012	5,988,927	49,764
MT	145000	52	7540000	2413000	1.95	14703000	2012	989,415	45,088
NE	43000	65	2795000	1146000	1.93	5394000	2012	1,826,341	52,196
NJ	14000	33	462000	51000	1.97	910000	2012	8,791,894	66,692
NM	5000	52	260000	99000	3.39	881000	2012	2,059,179	43,424
NY	51000	51	2601000	988000	2.23	5800000	2012	19,378,102	47,680
NC	13000	39	507000	106000	3.76	1906000	2012	9,535,483	41,553
ND	480000	69	33120000	5962000	1.92	63590000	2012	672,591	55,766
OH	18000	60	1080000	410000	2.46	2657000	2012	11,536,504	44,375
OR	60000	32	1920000	845000	2.16	4147000	2012	3,831,074	51,775
PA	16000	60	960000	269000	2.57	2467000	2012	12,702,379	51,904
SD	260000	63	16380000	3604000	1.95	31941000	2012	814,180	49,415
TN	6000	61	366000	59000	2.93	1072000	2012	6,346,105	42,995
TX	92000	52	4784000	718000	2	9568000	2012	25,145,561	51,926
UT	25000	38	950000	209000	1.87	1777000	2012	2,763,885	58,341
VT	4000	60	240000	53000	2.39	574000	2012	625,741	55,582
VA	4000	41	164000	23000	3.77	618000	2012	8,001,024	64,632
WA	62000	41	2542000	1017000	2.38	6050000	2012	6,724,540	62,187
WV	6000	48	288000	95000	2.91	838000	2012	1,852,994	43,553
WI	60000	69	4140000	1863000	2.05	8487000	2012	5,686,986	53,079
WY	50000	51	2550000	459000	1.87	4769000	2012	563,626	57,512
